32 32
2408 (-245.672,-63.9245) (-21.8585,749.371) (-109.936,-165.382) (25.2304,-113.539) (-46.6256,-62.2147) (-80.3942,163.031) (-53.6601,-51.4929) (108,-32) (-23.34,-11.9298) (-28.9195,84.0807) (-11.595,-27.9231) (98.7696,-33.5391) (-16.1625,-25.3499) (-64.8278,2.42101) (-37.0091,-22.6213) 80 (-37.0091,22.6213) (-64.8278,-2.42101) (-16.1625,25.3499) (98.7696,33.5391) (-11.595,27.9231) (-28.9195,-84.0807) (-23.34,11.9298) (108,32) (-53.6601,51.4929) (-80.3942,-163.031) (-46.6256,62.2147) (25.2304,113.539) (-109.936,165.382) (-21.8585,-749.371) (-245.672,63.9245) 
2995 (355.643,-254.537) (146.17,579.429) (-41.4484,-174.576) (-101.447,-37.163) (56.4382,-16.7737) (-100.079,166.388) (36.7098,-71.9512) (14,-9) (28.4828,-29.874) (-83.9873,90.533) (6.9569,-28.503) (7.44722,-15.163) (28.7497,22.9987) (-118.104,7.57368) (48.4683,-3.1565) -11 (48.4683,3.1565) (-118.104,-7.57368) (28.7497,-22.9987) (7.44722,15.163) (6.9569,28.503) (-83.9873,-90.533) (28.4828,29.874) (14,9) (36.7098,71.9512) (-100.079,-166.388) (56.4382,16.7737) (-101.447,37.163) (-41.4484,174.576) (146.17,-579.429) (355.643,254.537) 
2408 (245.672,63.9245) (-21.8585,749.371) (109.936,165.382) (25.2304,-113.539) (46.6256,62.2147) (-80.3942,163.031) (53.6601,51.4929) (108,-32) (23.34,11.9298) (-28.9195,84.0807) (11.595,27.9231) (98.7696,-33.5391) (16.1625,25.3499) (-64.8278,2.42101) (37.0091,22.6213) 80 (37.0091,-22.6213) (-64.8278,-2.42101) (16.1625,-25.3499) (98.7696,33.5391) (11.595,-27.9231) (-28.9195,-84.0807) (23.34,-11.9298) (108,32) (53.6601,-51.4929) (-80.3942,-163.031) (46.6256,-62.2147) (25.2304,113.539) (109.936,-165.382) (-21.8585,-749.371) (245.672,-63.9245) 
2408 (-245.672,-63.9245) (-21.8585,749.371) (-109.936,-165.382) (25.2304,-113.539) (-46.6256,-62.2147) (-80.3942,163.031) (-53.6601,-51.4929) (108,-32) (-23.34,-11.9298) (-28.9195,84.0807) (-11.595,-27.9231) (98.7696,-33.5391) (-16.1625,-25.3499) (-64.8278,2.42101) (-37.0091,-22.6213) 80 (-37.0091,22.6213) (-64.8278,-2.42101) (-16.1625,25.3499) (98.7696,33.5391) (-11.595,27.9231) (-28.9195,-84.0807) (-23.34,11.9298) (108,32) (-53.6601,51.4929) (-80.3942,-163.031) (-46.6256,62.2147) (25.2304,113.539) (-109.936,165.382) (-21.8585,-749.371) (-245.672,63.9245) 
2300 0 (-81.5291,612.085) 0 (130.887,-228.593) 0 (12.0738,99.9591) 0 (220,-100) 0 (53.6663,41.0332) 0 (193.113,-48.5929) 0 (39.789,9.15944) 0 212 0 (39.789,-9.15944) 0 (193.113,48.5929) 0 (53.6663,-41.0332) 0 (220,100) 0 (12.0738,-99.9591) 0 (130.887,228.593) 0 (-81.5291,-612.085) 0 
2483 (-173.783,-67.6851) (45.7352,748.185) (-40.2909,-161.083) (102.08,-109.175) (34.5048,-64.6755) (-1.57377,153.296) (20.3232,-64.5993) (178,-47) (40.8533,-29.3776) (25.4316,68.002) (34.341,-34.0912) (145.92,-25.1751) (42.1558,-7.78793) (6.40697,18.8918) (41.8955,-13.7528) 161 (41.8955,13.7528) (6.40697,-18.8918) (42.1558,7.78793) (145.92,25.1751) (34.341,34.0912) (25.4316,-68.002) (40.8533,29.3776) (178,47) (20.3232,64.5993) (-1.57377,-153.296) (34.5048,64.6755) (102.08,109.175) (-40.2909,161.083) (45.7352,-748.185) (-173.783,67.6851) 
2704 (283.753,-250.777) (-40.7645,306.043) (-111.093,-178.874) (33.0172,-271.635) (-24.6922,-14.313) (6.03692,49.9796) (-37.2736,-58.8448) (168,-130) (-35.7105,-12.4262) (26.8331,20.5166) (-38.979,-22.3349) (148.983,-53.6346) (-29.5687,5.43671) (19.8945,4.57972) (-30.4363,-12.025) 172 (-30.4363,12.025) (19.8945,-4.57972) (-29.5687,-5.43671) (148.983,53.6346) (-38.979,22.3349) (26.8331,-20.5166) (-35.7105,12.4262) (168,130) (-37.2736,58.8448) (6.03692,-49.9796) (-24.6922,14.313) (33.0172,271.635) (-111.093,178.874) (-40.7645,-306.043) (283.753,250.777) 
2408 (-245.672,-63.9245) (-21.8585,749.371) (-109.936,-165.382) (25.2304,-113.539) (-46.6256,-62.2147) (-80.3942,163.031) (-53.6601,-51.4929) (108,-32) (-23.34,-11.9298) (-28.9195,84.0807) (-11.595,-27.9231) (98.7696,-33.5391) (-16.1625,-25.3499) (-64.8278,2.42101) (-37.0091,-22.6213) 80 (-37.0091,22.6213) (-64.8278,-2.42101) (-16.1625,25.3499) (98.7696,33.5391) (-11.595,27.9231) (-28.9195,-84.0807) (-23.34,11.9298) (108,32) (-53.6601,51.4929) (-80.3942,-163.031) (-46.6256,62.2147) (25.2304,113.539) (-109.936,165.382) (-21.8585,-749.371) (-245.672,63.9245) 
2408 (-245.672,-63.9245) (-21.8585,749.371) (-109.936,-165.382) (25.2304,-113.539) (-46.6256,-62.2147) (-80.3942,163.031) (-53.6601,-51.4929) (108,-32) (-23.34,-11.9298) (-28.9195,84.0807) (-11.595,-27.9231) (98.7696,-33.5391) (-16.1625,-25.3499) (-64.8278,2.42101) (-37.0091,-22.6213) 80 (-37.0091,22.6213) (-64.8278,-2.42101) (-16.1625,25.3499) (98.7696,33.5391) (-11.595,27.9231) (-28.9195,-84.0807) (-23.34,11.9298) (108,32) (-53.6601,51.4929) (-80.3942,-163.031) (-46.6256,62.2147) (25.2304,113.539) (-109.936,165.382) (-21.8585,-749.371) (-245.672,63.9245) 
2995 (355.643,-254.537) (146.17,579.429) (-41.4484,-174.576) (-101.447,-37.163) (56.4382,-16.7737) (-100.079,166.388) (36.7098,-71.9512) (14,-9) (28.4828,-29.874) (-83.9873,90.533) (6.9569,-28.503) (7.44722,-15.163) (28.7497,22.9987) (-118.104,7.57368) (48.4683,-3.1565) -11 (48.4683,3.1565) (-118.104,-7.57368) (28.7497,-22.9987) (7.44722,15.163) (6.9569,28.503) (-83.9873,-90.533) (28.4828,29.874) (14,9) (36.7098,71.9512) (-100.079,-166.388) (56.4382,16.7737) (-101.447,37.163) (-41.4484,174.576) (146.17,-579.429) (355.643,254.537) 
2408 (245.672,63.9245) (-21.8585,749.371) (109.936,165.382) (25.2304,-113.539) (46.6256,62.2147) (-80.3942,163.031) (53.6601,51.4929) (108,-32) (23.34,11.9298) (-28.9195,84.0807) (11.595,27.9231) (98.7696,-33.5391) (16.1625,25.3499) (-64.8278,2.42101) (37.0091,22.6213) 80 (37.0091,-22.6213) (-64.8278,-2.42101) (16.1625,-25.3499) (98.7696,33.5391) (11.595,-27.9231) (-28.9195,-84.0807) (23.34,-11.9298) (108,32) (53.6601,-51.4929) (-80.3942,-163.031) (46.6256,-62.2147) (25.2304,113.539) (109.936,-165.382) (-21.8585,-749.371) (245.672,-63.9245) 
2408 (-245.672,-63.9245) (-21.8585,749.371) (-109.936,-165.382) (25.2304,-113.539) (-46.6256,-62.2147) (-80.3942,163.031) (-53.6601,-51.4929) (108,-32) (-23.34,-11.9298) (-28.9195,84.0807) (-11.595,-27.9231) (98.7696,-33.5391) (-16.1625,-25.3499) (-64.8278,2.42101) (-37.0091,-22.6213) 80 (-37.0091,22.6213) (-64.8278,-2.42101) (-16.1625,25.3499) (98.7696,33.5391) (-11.595,27.9231) (-28.9195,-84.0807) (-23.34,11.9298) (108,32) (-53.6601,51.4929) (-80.3942,-163.031) (-46.6256,62.2147) (25.2304,113.539) (-109.936,165.382) (-21.8585,-749.371) (-245.672,63.9245) 
2300 0 (-81.5291,612.085) 0 (130.887,-228.593) 0 (12.0738,99.9591) 0 (220,-100) 0 (53.6663,41.0332) 0 (193.113,-48.5929) 0 (39.789,9.15944) 0 212 0 (39.789,-9.15944) 0 (193.113,48.5929) 0 (53.6663,-41.0332) 0 (220,100) 0 (12.0738,-99.9591) 0 (130.887,228.593) 0 (-81.5291,-612.085) 0 
2483 (-173.783,-67.6851) (45.7352,748.185) (-40.2909,-161.083) (102.08,-109.175) (34.5048,-64.6755) (-1.57377,153.296) (20.3232,-64.5993) (178,-47) (40.8533,-29.3776) (25.4316,68.002) (34.341,-34.0912) (145.92,-25.1751) (42.1558,-7.78793) (6.40697,18.8918) (41.8955,-13.7528) 161 (41.8955,13.7528) (6.40697,-18.8918) (42.1558,7.78793) (145.92,25.1751) (34.341,34.0912) (25.4316,-68.002) (40.8533,29.3776) (178,47) (20.3232,64.5993) (-1.57377,-153.296) (34.5048,64.6755) (102.08,109.175) (-40.2909,161.083) (45.7352,-748.185) (-173.783,67.6851) 
2704 (283.753,-250.777) (-40.7645,306.043) (-111.093,-178.874) (33.0172,-271.635) (-24.6922,-14.313) (6.03692,49.9796) (-37.2736,-58.8448) (168,-130) (-35.7105,-12.4262) (26.8331,20.5166) (-38.979,-22.3349) (148.983,-53.6346) (-29.5687,5.43671) (19.8945,4.57972) (-30.4363,-12.025) 172 (-30.4363,12.025) (19.8945,-4.57972) (-29.5687,-5.43671) (148.983,53.6346) (-38.979,22.3349) (26.8331,-20.5166) (-35.7105,12.4262) (168,130) (-37.2736,58.8448) (6.03692,-49.9796) (-24.6922,14.313) (33.0172,271.635) (-111.093,178.874) (-40.7645,-306.043) (283.753,250.777) 
2408 (-245.672,-63.9245) (-21.8585,749.371) (-109.936,-165.382) (25.2304,-113.539) (-46.6256,-62.2147) (-80.3942,163.031) (-53.6601,-51.4929) (108,-32) (-23.34,-11.9298) (-28.9195,84.0807) (-11.595,-27.9231) (98.7696,-33.5391) (-16.1625,-25.3499) (-64.8278,2.42101) (-37.0091,-22.6213) 80 (-37.0091,22.6213) (-64.8278,-2.42101) (-16.1625,25.3499) (98.7696,33.5391) (-11.595,27.9231) (-28.9195,-84.0807) (-23.34,11.9298) (108,32) (-53.6601,51.4929) (-80.3942,-163.031) (-46.6256,62.2147) (25.2304,113.539) (-109.936,165.382) (-21.8585,-749.371) (-245.672,63.9245) 
2408 (-245.672,-63.9245) (-21.8585,749.371) (-109.936,-165.382) (25.2304,-113.539) (-46.6256,-62.2147) (-80.3942,163.031) (-53.6601,-51.4929) (108,-32) (-23.34,-11.9298) (-28.9195,84.0807) (-11.595,-27.9231) (98.7696,-33.5391) (-16.1625,-25.3499) (-64.8278,2.42101) (-37.0091,-22.6213) 80 (-37.0091,22.6213) (-64.8278,-2.42101) (-16.1625,25.3499) (98.7696,33.5391) (-11.595,27.9231) (-28.9195,-84.0807) (-23.34,11.9298) (108,32) (-53.6601,51.4929) (-80.3942,-163.031) (-46.6256,62.2147) (25.2304,113.539) (-109.936,165.382) (-21.8585,-749.371) (-245.672,63.9245) 
2995 (355.643,-254.537) (146.17,579.429) (-41.4484,-174.576) (-101.447,-37.163) (56.4382,-16.7737) (-100.079,166.388) (36.7098,-71.9512) (14,-9) (28.4828,-29.874) (-83.9873,90.533) (6.9569,-28.503) (7.44722,-15.163) (28.7497,22.9987) (-118.104,7.57368) (48.4683,-3.1565) -11 (48.4683,3.1565) (-118.104,-7.57368) (28.7497,-22.9987) (7.44722,15.163) (6.9569,28.503) (-83.9873,-90.533) (28.4828,29.874) (14,9) (36.7098,71.9512) (-100.079,-166.388) (56.4382,16.7737) (-101.447,37.163) (-41.4484,174.576) (146.17,-579.429) (355.643,254.537) 
2408 (245.672,63.9245) (-21.8585,749.371) (109.936,165.382) (25.2304,-113.539) (46.6256,62.2147) (-80.3942,163.031) (53.6601,51.4929) (108,-32) (23.34,11.9298) (-28.9195,84.0807) (11.595,27.9231) (98.7696,-33.5391) (16.1625,25.3499) (-64.8278,2.42101) (37.0091,22.6213) 80 (37.0091,-22.6213) (-64.8278,-2.42101) (16.1625,-25.3499) (98.7696,33.5391) (11.595,-27.9231) (-28.9195,-84.0807) (23.34,-11.9298) (108,32) (53.6601,-51.4929) (-80.3942,-163.031) (46.6256,-62.2147) (25.2304,113.539) (109.936,-165.382) (-21.8585,-749.371) (245.672,-63.9245) 
2408 (-245.672,-63.9245) (-21.8585,749.371) (-109.936,-165.382) (25.2304,-113.539) (-46.6256,-62.2147) (-80.3942,163.031) (-53.6601,-51.4929) (108,-32) (-23.34,-11.9298) (-28.9195,84.0807) (-11.595,-27.9231) (98.7696,-33.5391) (-16.1625,-25.3499) (-64.8278,2.42101) (-37.0091,-22.6213) 80 (-37.0091,22.6213) (-64.8278,-2.42101) (-16.1625,25.3499) (98.7696,33.5391) (-11.595,27.9231) (-28.9195,-84.0807) (-23.34,11.9298) (108,32) (-53.6601,51.4929) (-80.3942,-163.031) (-46.6256,62.2147) (25.2304,113.539) (-109.936,165.382) (-21.8585,-749.371) (-245.672,63.9245) 
2300 0 (-81.5291,612.085) 0 (130.887,-228.593) 0 (12.0738,99.9591) 0 (220,-100) 0 (53.6663,41.0332) 0 (193.113,-48.5929) 0 (39.789,9.15944) 0 212 0 (39.789,-9.15944) 0 (193.113,48.5929) 0 (53.6663,-41.0332) 0 (220,100) 0 (12.0738,-99.9591) 0 (130.887,228.593) 0 (-81.5291,-612.085) 0 
2483 (-173.783,-67.6851) (45.7352,748.185) (-40.2909,-161.083) (102.08,-109.175) (34.5048,-64.6755) (-1.57377,153.296) (20.3232,-64.5993) (178,-47) (40.8533,-29.3776) (25.4316,68.002) (34.341,-34.0912) (145.92,-25.1751) (42.1558,-7.78793) (6.40697,18.8918) (41.8955,-13.7528) 161 (41.8955,13.7528) (6.40697,-18.8918) (42.1558,7.78793) (145.92,25.1751) (34.341,34.0912) (25.4316,-68.002) (40.8533,29.3776) (178,47) (20.3232,64.5993) (-1.57377,-153.296) (34.5048,64.6755) (102.08,109.175) (-40.2909,161.083) (45.7352,-748.185) (-173.783,67.6851) 
2704 (283.753,-250.777) (-40.7645,306.043) (-111.093,-178.874) (33.0172,-271.635) (-24.6922,-14.313) (6.03692,49.9796) (-37.2736,-58.8448) (168,-130) (-35.7105,-12.4262) (26.8331,20.5166) (-38.979,-22.3349) (148.983,-53.6346) (-29.5687,5.43671) (19.8945,4.57972) (-30.4363,-12.025) 172 (-30.4363,12.025) (19.8945,-4.57972) (-29.5687,-5.43671) (148.983,53.6346) (-38.979,22.3349) (26.8331,-20.5166) (-35.7105,12.4262) (168,130) (-37.2736,58.8448) (6.03692,-49.9796) (-24.6922,14.313) (33.0172,271.635) (-111.093,178.874) (-40.7645,-306.043) (283.753,250.777) 
2408 (-245.672,-63.9245) (-21.8585,749.371) (-109.936,-165.382) (25.2304,-113.539) (-46.6256,-62.2147) (-80.3942,163.031) (-53.6601,-51.4929) (108,-32) (-23.34,-11.9298) (-28.9195,84.0807) (-11.595,-27.9231) (98.7696,-33.5391) (-16.1625,-25.3499) (-64.8278,2.42101) (-37.0091,-22.6213) 80 (-37.0091,22.6213) (-64.8278,-2.42101) (-16.1625,25.3499) (98.7696,33.5391) (-11.595,27.9231) (-28.9195,-84.0807) (-23.34,11.9298) (108,32) (-53.6601,51.4929) (-80.3942,-163.031) (-46.6256,62.2147) (25.2304,113.539) (-109.936,165.382) (-21.8585,-749.371) (-245.672,63.9245) 
2408 (-245.672,-63.9245) (-21.8585,749.371) (-109.936,-165.382) (25.2304,-113.539) (-46.6256,-62.2147) (-80.3942,163.031) (-53.6601,-51.4929) (108,-32) (-23.34,-11.9298) (-28.9195,84.0807) (-11.595,-27.9231) (98.7696,-33.5391) (-16.1625,-25.3499) (-64.8278,2.42101) (-37.0091,-22.6213) 80 (-37.0091,22.6213) (-64.8278,-2.42101) (-16.1625,25.3499) (98.7696,33.5391) (-11.595,27.9231) (-28.9195,-84.0807) (-23.34,11.9298) (108,32) (-53.6601,51.4929) (-80.3942,-163.031) (-46.6256,62.2147) (25.2304,113.539) (-109.936,165.382) (-21.8585,-749.371) (-245.672,63.9245) 
2995 (355.643,-254.537) (146.17,579.429) (-41.4484,-174.576) (-101.447,-37.163) (56.4382,-16.7737) (-100.079,166.388) (36.7098,-71.9512) (14,-9) (28.4828,-29.874) (-83.9873,90.533) (6.9569,-28.503) (7.44722,-15.163) (28.7497,22.9987) (-118.104,7.57368) (48.4683,-3.1565) -11 (48.4683,3.1565) (-118.104,-7.57368) (28.7497,-22.9987) (7.44722,15.163) (6.9569,28.503) (-83.9873,-90.533) (28.4828,29.874) (14,9) (36.7098,71.9512) (-100.079,-166.388) (56.4382,16.7737) (-101.447,37.163) (-41.4484,174.576) (146.17,-579.429) (355.643,254.537) 
2408 (245.672,63.9245) (-21.8585,749.371) (109.936,165.382) (25.2304,-113.539) (46.6256,62.2147) (-80.3942,163.031) (53.6601,51.4929) (108,-32) (23.34,11.9298) (-28.9195,84.0807) (11.595,27.9231) (98.7696,-33.5391) (16.1625,25.3499) (-64.8278,2.42101) (37.0091,22.6213) 80 (37.0091,-22.6213) (-64.8278,-2.42101) (16.1625,-25.3499) (98.7696,33.5391) (11.595,-27.9231) (-28.9195,-84.0807) (23.34,-11.9298) (108,32) (53.6601,-51.4929) (-80.3942,-163.031) (46.6256,-62.2147) (25.2304,113.539) (109.936,-165.382) (-21.8585,-749.371) (245.672,-63.9245) 
2408 (-245.672,-63.9245) (-21.8585,749.371) (-109.936,-165.382) (25.2304,-113.539) (-46.6256,-62.2147) (-80.3942,163.031) (-53.6601,-51.4929) (108,-32) (-23.34,-11.9298) (-28.9195,84.0807) (-11.595,-27.9231) (98.7696,-33.5391) (-16.1625,-25.3499) (-64.8278,2.42101) (-37.0091,-22.6213) 80 (-37.0091,22.6213) (-64.8278,-2.42101) (-16.1625,25.3499) (98.7696,33.5391) (-11.595,27.9231) (-28.9195,-84.0807) (-23.34,11.9298) (108,32) (-53.6601,51.4929) (-80.3942,-163.031) (-46.6256,62.2147) (25.2304,113.539) (-109.936,165.382) (-21.8585,-749.371) (-245.672,63.9245) 
2300 0 (-81.5291,612.085) 0 (130.887,-228.593) 0 (12.0738,99.9591) 0 (220,-100) 0 (53.6663,41.0332) 0 (193.113,-48.5929) 0 (39.789,9.15944) 0 212 0 (39.789,-9.15944) 0 (193.113,48.5929) 0 (53.6663,-41.0332) 0 (220,100) 0 (12.0738,-99.9591) 0 (130.887,228.593) 0 (-81.5291,-612.085) 0 
2483 (-173.783,-67.6851) (45.7352,748.185) (-40.2909,-161.083) (102.08,-109.175) (34.5048,-64.6755) (-1.57377,153.296) (20.3232,-64.5993) (178,-47) (40.8533,-29.3776) (25.4316,68.002) (34.341,-34.0912) (145.92,-25.1751) (42.1558,-7.78793) (6.40697,18.8918) (41.8955,-13.7528) 161 (41.8955,13.7528) (6.40697,-18.8918) (42.1558,7.78793) (145.92,25.1751) (34.341,34.0912) (25.4316,-68.002) (40.8533,29.3776) (178,47) (20.3232,64.5993) (-1.57377,-153.296) (34.5048,64.6755) (102.08,109.175) (-40.2909,161.083) (45.7352,-748.185) (-173.783,67.6851) 
2704 (283.753,-250.777) (-40.7645,306.043) (-111.093,-178.874) (33.0172,-271.635) (-24.6922,-14.313) (6.03692,49.9796) (-37.2736,-58.8448) (168,-130) (-35.7105,-12.4262) (26.8331,20.5166) (-38.979,-22.3349) (148.983,-53.6346) (-29.5687,5.43671) (19.8945,4.57972) (-30.4363,-12.025) 172 (-30.4363,12.025) (19.8945,-4.57972) (-29.5687,-5.43671) (148.983,53.6346) (-38.979,22.3349) (26.8331,-20.5166) (-35.7105,12.4262) (168,130) (-37.2736,58.8448) (6.03692,-49.9796) (-24.6922,14.313) (33.0172,271.635) (-111.093,178.874) (-40.7645,-306.043) (283.753,250.777) 
2408 (-245.672,-63.9245) (-21.8585,749.371) (-109.936,-165.382) (25.2304,-113.539) (-46.6256,-62.2147) (-80.3942,163.031) (-53.6601,-51.4929) (108,-32) (-23.34,-11.9298) (-28.9195,84.0807) (-11.595,-27.9231) (98.7696,-33.5391) (-16.1625,-25.3499) (-64.8278,2.42101) (-37.0091,-22.6213) 80 (-37.0091,22.6213) (-64.8278,-2.42101) (-16.1625,25.3499) (98.7696,33.5391) (-11.595,27.9231) (-28.9195,-84.0807) (-23.34,11.9298) (108,32) (-53.6601,51.4929) (-80.3942,-163.031) (-46.6256,62.2147) (25.2304,113.539) (-109.936,165.382) (-21.8585,-749.371) (-245.672,63.9245) 
