32 32
46 44 39 53 32 30 28 26 98 106 113 121 131 132 129 130 114 50 42 41 38 30 29 29 111 112 110 107 106 94 78 59 
111 112 110 107 106 94 78 59 98 106 113 121 131 132 129 130 46 44 39 53 32 30 28 26 98 106 113 121 131 132 129 130 
114 50 42 41 38 30 29 29 111 112 110 107 106 94 78 59 46 44 39 53 32 30 28 26 98 106 113 121 131 132 129 130 
46 44 39 53 32 30 28 26 98 106 113 121 131 132 129 130 114 50 42 41 38 30 29 29 111 112 110 107 106 94 78 59 
114 50 42 41 38 30 29 29 111 112 110 107 106 94 78 59 114 50 42 41 38 30 29 29 111 112 110 107 106 94 78 59 
114 50 42 41 38 30 29 29 98 106 113 121 131 132 129 130 114 50 42 41 38 30 29 29 111 112 110 107 106 94 78 59 
111 112 110 107 106 94 78 59 111 112 110 107 106 94 78 59 114 50 42 41 38 30 29 29 111 112 110 107 106 94 78 59 
46 44 39 53 32 30 28 26 98 106 113 121 131 132 129 130 114 50 42 41 38 30 29 29 111 112 110 107 106 94 78 59 
46 44 39 53 32 30 28 26 98 106 113 121 131 132 129 130 114 50 42 41 38 30 29 29 111 112 110 107 106 94 78 59 
111 112 110 107 106 94 78 59 98 106 113 121 131 132 129 130 46 44 39 53 32 30 28 26 98 106 113 121 131 132 129 130 
114 50 42 41 38 30 29 29 111 112 110 107 106 94 78 59 46 44 39 53 32 30 28 26 98 106 113 121 131 132 129 130 
46 44 39 53 32 30 28 26 98 106 113 121 131 132 129 130 114 50 42 41 38 30 29 29 111 112 110 107 106 94 78 59 
114 50 42 41 38 30 29 29 111 112 110 107 106 94 78 59 114 50 42 41 38 30 29 29 111 112 110 107 106 94 78 59 
114 50 42 41 38 30 29 29 98 106 113 121 131 132 129 130 114 50 42 41 38 30 29 29 111 112 110 107 106 94 78 59 
111 112 110 107 106 94 78 59 111 112 110 107 106 94 78 59 114 50 42 41 38 30 29 29 111 112 110 107 106 94 78 59 
46 44 39 53 32 30 28 26 98 106 113 121 131 132 129 130 114 50 42 41 38 30 29 29 111 112 110 107 106 94 78 59 
46 44 39 53 32 30 28 26 98 106 113 121 131 132 129 130 114 50 42 41 38 30 29 29 111 112 110 107 106 94 78 59 
111 112 110 107 106 94 78 59 98 106 113 121 131 132 129 130 46 44 39 53 32 30 28 26 98 106 113 121 131 132 129 130 
114 50 42 41 38 30 29 29 111 112 110 107 106 94 78 59 46 44 39 53 32 30 28 26 98 106 113 121 131 132 129 130 
46 44 39 53 32 30 28 26 98 106 113 121 131 132 129 130 114 50 42 41 38 30 29 29 111 112 110 107 106 94 78 59 
114 50 42 41 38 30 29 29 111 112 110 107 106 94 78 59 114 50 42 41 38 30 29 29 111 112 110 107 106 94 78 59 
114 50 42 41 38 30 29 29 98 106 113 121 131 132 129 130 114 50 42 41 38 30 29 29 111 112 110 107 106 94 78 59 
111 112 110 107 106 94 78 59 111 112 110 107 106 94 78 59 114 50 42 41 38 30 29 29 111 112 110 107 106 94 78 59 
46 44 39 53 32 30 28 26 98 106 113 121 131 132 129 130 114 50 42 41 38 30 29 29 111 112 110 107 106 94 78 59 
46 44 39 53 32 30 28 26 98 106 113 121 131 132 129 130 114 50 42 41 38 30 29 29 111 112 110 107 106 94 78 59 
111 112 110 107 106 94 78 59 98 106 113 121 131 132 129 130 46 44 39 53 32 30 28 26 98 106 113 121 131 132 129 130 
114 50 42 41 38 30 29 29 111 112 110 107 106 94 78 59 46 44 39 53 32 30 28 26 98 106 113 121 131 132 129 130 
46 44 39 53 32 30 28 26 98 106 113 121 131 132 129 130 114 50 42 41 38 30 29 29 111 112 110 107 106 94 78 59 
114 50 42 41 38 30 29 29 111 112 110 107 106 94 78 59 114 50 42 41 38 30 29 29 111 112 110 107 106 94 78 59 
114 50 42 41 38 30 29 29 98 106 113 121 131 132 129 130 114 50 42 41 38 30 29 29 111 112 110 107 106 94 78 59 
111 112 110 107 106 94 78 59 111 112 110 107 106 94 78 59 114 50 42 41 38 30 29 29 111 112 110 107 106 94 78 59 
46 44 39 53 32 30 28 26 98 106 113 121 131 132 129 130 114 50 42 41 38 30 29 29 111 112 110 107 106 94 78 59 
